h = .1;
t = 0:h:100;
